10213
13075
24121
12124
24876
4471
12083
17861
4039
4537
2752
18914
18271
13687
21768
16806
6583
25169
22574
27636
31163
3787
26094
4654
16024
5490
7912
5948
30184
1412
10593
13415
5500
6882
6861
15439
32658
21937
2843
17581
27304
29204
4113
1885
6295
3233
23267
1940
3879
21440
8731
12610
880
16905
2922
3868
4059
302
5673
3987
9075
3699
12101
4055
31428
32148
2069
10930
8775
7517
27314
832
31682
6348
11399
21907
22543
23062
26331
17397
9297
26728
10560
14112
21963
12397
22554
12267
8024
28046
10470
8258
24995
16819
24351
7556
18241
1232
11089
4440
15501
25322
32063
14982
14699
8962
31659
21805
4378
32248
12269
9861
5584
14250
4091
25412
6848
26297
6517
25421
22705
31400
20398
14548
27185
30511
20060
10912
1430
30272
5126
14371
1101
3791
19996
12849
20425
19377
20923
29957
11723
5268
16143
10240
22195
9953
12640
5901
22704
7336
